111001100111101001011111100110111110001111000010001101001101111010111111011000010101010011111110111111101111111011111111101000101000001101001100011010000101101010100000101101111011100011000101110110011001000110100100010011001010111011101011111101110110111010110001010111111110111111011000100010101110101100
1110011101011100011111101111110110001011010011011011001111001110000111110111101111100110111011110111110011010010001101100001111110011000110011110011110111111011000101110011101110010100110100010100000110100110001101000010010000110011111111100110110101111010001101000001101000000011100010111101111110
1100010001010111010110011110011011001011101010100100010100001000111100011101110011001111001111101100110110101111111001111111011111110011111000110000011001111100110110010111010101001000101000010000101000011100101010101101000001100111101011010111111100011000111000100100111100101100100110110101111111010
1111110111110111110100000101101110001000111110101011111011010101100001011010011011110010111001110101110111001000001101011001110011101011100011111010111111011111111111010110110101111110101101110011000100011010010001001100101011100100011110110111001000111000000111101101100100101101101101001001010100
1111001101100100010011111101100001001011111001100101111110011011111000000001101101010000010010001101001000100110010101110100110110111011011011010101100001000100011001000111001011000110001110010000011010110011011100001111000111110011011001000101010011100001110100100011000000001001111110
110000100101111100110010111111010111111011101101110101100010101111111010101100111001001001100101011101001101100001011011110111111110011101001100100000111001101100000111100111101011010111110110110010010110111101000000001100111010011011011111101101001100001111111011111101100010111001110111001010010011
011000010110111111001011110111101001101101100111100111000011111010011011011111101100001111110010111100110110010111010101001000101001111011111101100010001010111010110001001000110000001111011111101100010111001110111001010010011011000001110011011010111100101011000011010100000110101100
111001100000100001100011100111010101101011111010000010110111011110101101101011111101011011100110011011001011110111100100111111001111101010010001100000001000110100100101000100011101010110011100100100110010101110010001111011011100100011100000011110011110101101011111101010110001111110111101011011000000111010
111111011111011001011001010100110010010001100000011110111111011000100010101110101100001011000110001110110100110111100100100000110111110111101111000111111011111101011011010111111010110111001100110101010000010110111101110001100010111011001100100110010101110010010001100000001000110100100
11101010110011100100100110010101110010001111011011100100011100000011110011110101101011101010101101000001110000000010101010110100000111010000010110111000100011111010101110101010111101011011010111111010110111001100110110010111101111001001111110011111010100100011000000010001111011011100100011100000011
110110000001100011011011010100101001100010101010100001111110011100001111111010110110100010111011111101010000011111010000001000011000100110110100011010101010011011000010111110100111001101100000110000100011001101101000111101000101010011101101110011011010001011101101111100100100110110000100000100011001010
1110000110000011100001010001101000011011100001111101001010100011011000001110000111110001001010100110110000011110011110101101011111110011100011001010001110000100100000110101100111010101100011101101101010000011111011000100011110010010100000000010111100111110110111000111011110111110011011101110000100110110010101101
00110111111010110010101111010110111001100110110001000111100100101000000000101110100000101101011111010001111111010110111001100001010100111000000100110110101101101001101101011111101011101000000010000011010100010111010101000001011011110111000110001011101100110001011001011100101001101101011111101
10010110001110110111000011110001110110010111000001001101100010011110011110100000000110010010100100111111111110011100011101100011111101001011010001111100000010101101011001011011110101101100010110011110101101011101010101001101100001011111010000100110110000011001111100100110110100011010001101001000100110010
10111010011011000010001111100111110001010000111100001001010011110101100110110000011110011110101101011111010001010000011010011000110100001011011010011010100111111010111010000001101000111001100001001000110000001101010100000101101111011100011000101110110011000101100101110010100110110000101101
0000101010111111101011011111100111011010101100001011011110001101010011011000100111100100110110101111110100010111110111111001110001100100101001001111111111100111000111011000111111010010110100011111000000101011010110010110111101011011000101110101011000111011011010100000111100110110000011100110110
101111110110110010010110001010010011111111111001110001110110000011111000000001011101011011000000101011101000110100101000000101001111010110110001001001000110000000010100010100000100010100100111111111101011111101110110111010110001010111101000110100100010011001010111010011011010111101000000000011101101
100001110011001110111000011110001010001110010100001001111010010101011101100010011110011011010100000111001010010011111111111001110001110001111111111100010100001010110101001011110000100001100101101111010110110001011001111010110101110101010100110110000100000010101100110110000011000010000100110110100011111010
11001101100000100100110010101110100110110000100000100000101100011111111111000101000011110000100101001111010110011011000001111001111010110101111101000101000001101001100011010000101101101001101010011111101011101000000110100011100110000100100011000000110101010000010110111101110001100010111011001100010
1100101110010110111000011110001001010010011111111111001110001110001111111111100010100001010110101001011110000100001100101101111010110110001001001000110000001111001110100000100100110010101110111010111111011101101110101100010101111111010101100111001001001100101011101001101101011110100011100101000010
011110100101010111011000100111100110110101000001110010100100111111111110011100011101100000010110111110100011100000101001011110000100001100101101111010110110001011001111010110101110101010100110110000100000100110100110110000011000010010100110110100011001000001101010011011111100111000011111001110100000100100
1100101011100010100100111111111110011100011101001101100001000001001001010111110000100101011000001001101100000111100111101011010111110111000011110001001010010011111111111001110001110001111111111100010100001010110101001011110000100001100101101111001110000111010001111101110011011101111111111100100010110010
011011010110001101001001111001010010001001110111100000011011010101100001001000111000010010000011010110011110101101111110101100110110101111001010110000110111101011000101011111010001001000010011111110101101110011001111001110100000100100110010101110110011110101101011111011000011110111100100011110
00111010011011010111111011100001111000100101000101110111110110001000111100100101000000000101110100110000111110011010110001101010010001100000001000110100100010011001010111000101001001111111111100111000111011011110001111110111101101010000011100101001001111111111100111000111000111111
11111000101000010101101100011100101011111000010010101100000111101011011000101100111101011010111010101010011011000010101000100110011011000001111000111101001101101000110010000011010100110111111001110000111010101000001011011110111000110001011101100110001011001011100101001101100001011000111100101011010110
01011001111111110001110010101111100001001010110000011100001001010011110101100110110000011110011110101101011111011100001111000111011010011010100111111011010101100001011011110001101010011011000100111100111101011011000100100100011000000110101010000010110111101110001100010111011001100010110010111001011110
011100001110100111011001111101111010110011010101110100100011000000001010010010010110110101100011011001101100001000101100101110010001000010100100110111111111001011011011010100000111111010110001010000101101001100001111100110101100011011001101100000110010011110010100100010011101111000000
11011010101100001001000111000010010000011010110011110101101111110101100110110101111110110000111101111001000111100011101101110000111100010010100010111011111011000100011110010010100000000010111010011000011111001101011000110101001000110000001101010100000101101111011100011000101110110
011000101100101110010110111100011111101111011010100000111001010010011111111111001110001110110000001010110101100101101100011100101011111000010010101100000111101011011000101100111101011010111